1.000000000000000000e+00
1.000000000000000000e+00
2.000000000000000000e+00
3.000000000000000000e+00
9.000000000000000000e+00
4.000000000000000000e+00
1.000000000000000000e+01
1.500000000000000000e+01
3.500000000000000000e+01
5.200000000000000000e+01
5.600000000000000000e+01
5.400000000000000000e+01
4.800000000000000000e+01
3.200000000000000000e+01
4.400000000000000000e+01
3.600000000000000000e+01
6.500000000000000000e+01
9.000000000000000000e+01
2.180000000000000000e+02
6.760000000000000000e+02
1.758000000000000000e+03
3.246000000000000000e+03
5.387000000000000000e+03
8.358000000000000000e+03
1.183000000000000000e+04
1.659900000000000000e+04
2.311100000000000000e+04
3.106200000000000000e+04
3.901400000000000000e+04
4.577900000000000000e+04
5.008100000000000000e+04
5.105200000000000000e+04
4.875700000000000000e+04
4.262300000000000000e+04
3.611600000000000000e+04
2.840000000000000000e+04
2.154700000000000000e+04
1.530200000000000000e+04
1.034900000000000000e+04
6.871000000000000000e+03
4.263000000000000000e+03
2.478000000000000000e+03
1.496000000000000000e+03
9.010000000000000000e+02
5.520000000000000000e+02
3.570000000000000000e+02
2.370000000000000000e+02
1.730000000000000000e+02
1.370000000000000000e+02
1.350000000000000000e+02
1.440000000000000000e+02
1.140000000000000000e+02
1.490000000000000000e+02
1.290000000000000000e+02
1.390000000000000000e+02
1.340000000000000000e+02
1.470000000000000000e+02
1.440000000000000000e+02
1.470000000000000000e+02
1.770000000000000000e+02
1.500000000000000000e+02
1.740000000000000000e+02
1.930000000000000000e+02
1.880000000000000000e+02
1.950000000000000000e+02
1.860000000000000000e+02
1.810000000000000000e+02
2.070000000000000000e+02
2.100000000000000000e+02
1.830000000000000000e+02
2.160000000000000000e+02
2.310000000000000000e+02
2.270000000000000000e+02
2.560000000000000000e+02
2.480000000000000000e+02
2.470000000000000000e+02
2.460000000000000000e+02
2.460000000000000000e+02
2.440000000000000000e+02
2.630000000000000000e+02
2.850000000000000000e+02
2.740000000000000000e+02
2.640000000000000000e+02
2.700000000000000000e+02
2.510000000000000000e+02
2.380000000000000000e+02
2.810000000000000000e+02
2.530000000000000000e+02
3.020000000000000000e+02
2.740000000000000000e+02
2.750000000000000000e+02
2.940000000000000000e+02
3.000000000000000000e+02
2.780000000000000000e+02
3.230000000000000000e+02
3.260000000000000000e+02
3.680000000000000000e+02
3.620000000000000000e+02
3.190000000000000000e+02
3.230000000000000000e+02
3.620000000000000000e+02
3.450000000000000000e+02
3.960000000000000000e+02
4.020000000000000000e+02
3.730000000000000000e+02
4.070000000000000000e+02
4.200000000000000000e+02
4.080000000000000000e+02
4.210000000000000000e+02
3.870000000000000000e+02
3.850000000000000000e+02
3.620000000000000000e+02
3.380000000000000000e+02
3.420000000000000000e+02
3.150000000000000000e+02
3.220000000000000000e+02
3.200000000000000000e+02
3.350000000000000000e+02
3.260000000000000000e+02
3.040000000000000000e+02
3.110000000000000000e+02
3.010000000000000000e+02
3.050000000000000000e+02
2.570000000000000000e+02
2.700000000000000000e+02
2.640000000000000000e+02
2.500000000000000000e+02
2.750000000000000000e+02
2.300000000000000000e+02
2.250000000000000000e+02
2.480000000000000000e+02
2.200000000000000000e+02
2.370000000000000000e+02
2.050000000000000000e+02
2.010000000000000000e+02
1.990000000000000000e+02
1.980000000000000000e+02
1.730000000000000000e+02
1.780000000000000000e+02
1.500000000000000000e+02
1.700000000000000000e+02
1.470000000000000000e+02
1.350000000000000000e+02
1.290000000000000000e+02
1.300000000000000000e+02
1.370000000000000000e+02
1.260000000000000000e+02
1.050000000000000000e+02
1.210000000000000000e+02
9.900000000000000000e+01
9.300000000000000000e+01
7.000000000000000000e+01
8.800000000000000000e+01
1.040000000000000000e+02
6.600000000000000000e+01
7.600000000000000000e+01
6.400000000000000000e+01
5.400000000000000000e+01
5.900000000000000000e+01
4.900000000000000000e+01
5.600000000000000000e+01
5.000000000000000000e+01
4.100000000000000000e+01
5.100000000000000000e+01
4.200000000000000000e+01
5.300000000000000000e+01
3.800000000000000000e+01
2.900000000000000000e+01
3.100000000000000000e+01
3.600000000000000000e+01
3.400000000000000000e+01
1.900000000000000000e+01
2.800000000000000000e+01
3.100000000000000000e+01
1.900000000000000000e+01
2.600000000000000000e+01
8.000000000000000000e+00
1.300000000000000000e+01
1.800000000000000000e+01
2.800000000000000000e+01
2.000000000000000000e+01
1.900000000000000000e+01
1.500000000000000000e+01
8.000000000000000000e+00
1.200000000000000000e+01
1.300000000000000000e+01
9.000000000000000000e+00
1.000000000000000000e+01
9.000000000000000000e+00
1.300000000000000000e+01
1.700000000000000000e+01
1.300000000000000000e+01
7.000000000000000000e+00
1.100000000000000000e+01
1.200000000000000000e+01
2.000000000000000000e+00
7.000000000000000000e+00
9.000000000000000000e+00
6.000000000000000000e+00
1.500000000000000000e+01
1.100000000000000000e+01
9.000000000000000000e+00
8.000000000000000000e+00
1.200000000000000000e+01
1.300000000000000000e+01
4.000000000000000000e+00
1.200000000000000000e+01
8.000000000000000000e+00
8.000000000000000000e+00
8.000000000000000000e+00
1.300000000000000000e+01
1.300000000000000000e+01
6.000000000000000000e+00
1.600000000000000000e+01
7.000000000000000000e+00
1.600000000000000000e+01
1.400000000000000000e+01
7.000000000000000000e+00
6.000000000000000000e+00
1.300000000000000000e+01
1.400000000000000000e+01
1.300000000000000000e+01
1.400000000000000000e+01
1.300000000000000000e+01
8.000000000000000000e+00
7.000000000000000000e+00
1.100000000000000000e+01
1.000000000000000000e+01
5.000000000000000000e+00
1.100000000000000000e+01
1.300000000000000000e+01
9.000000000000000000e+00
9.000000000000000000e+00
1.500000000000000000e+01
9.000000000000000000e+00
1.400000000000000000e+01
1.800000000000000000e+01
2.000000000000000000e+01
3.700000000000000000e+01
5.100000000000000000e+01
7.200000000000000000e+01
8.900000000000000000e+01
1.040000000000000000e+02
1.720000000000000000e+02
2.040000000000000000e+02
2.490000000000000000e+02
2.990000000000000000e+02
2.050000000000000000e+02
1.240000000000000000e+02
7.400000000000000000e+01
5.800000000000000000e+01
4.000000000000000000e+01
3.300000000000000000e+01
3.400000000000000000e+01
2.200000000000000000e+01
5.200000000000000000e+01
